210054_431133.png 516 39 599 177 grass 
210054_431134.png 260 39 343 177 grass 
210054_431135.png 5 38 81 178 grass 
210055_431110.png 347 713 387 745 grass 
210055_431111.png 91 713 131 745 grass 

210055_431129.png 360 433 411 457 ship 189 441 238 501 grass 350 438 397 462 ship 601 419 626 449 ship 
210055_431130.png 104 433 155 457 ship 93 438 141 462 ship 345 419 370 449 ship 





210056_431112.png 370 585 478 757 grass 
210056_431126.png 569 184 643 241 grass 299 0 386 130 grass 467 189 542 255 grass 121 260 223 317 grass 
210056_431129.png 360 177 411 201 ship 538 1 648 62 grass 630 0 722 69 grass 725 720 771 762 grass 189 185 238 245 grass 350 182 397 206 ship 601 163 626 193 ship 
210056_431131.png 216 706 362 771 grass 118 0 208 70 grass 22 0 131 62 grass 

210057_431112.png 379 304 474 550 grass 
210057_431113.png 123 314 220 509 grass 
210057_431124.png 228 0 334 69 grass 637 2 740 58 grass 79 162 480 369 ship 
210057_431125.png 0 0 76 76 grass 375 8 487 57 grass 

210057_431134.png 97 550 446 750 ship 5 595 53 636 ship 382 583 456 745 ship 
210057_431135.png 0 565 205 760 ship 
210058_431133.png 357 299 680 494 ship 257 505 398 640 grass 262 342 312 378 ship 639 326 711 489 ship 
210058_431134.png 113 301 438 496 ship 3 500 138 641 grass 5 339 53 380 ship 382 327 456 488 ship 


210059_431122.png 371 246 546 595 ship 6 0 110 152 ship 
210059_431123.png 122 243 299 593 ship 
210060_431112.png 697 629 736 680 ship 219 608 406 769 grass 
210060_431113.png 445 632 484 680 ship 0 613 150 772 grass 
210063_431118.png 620 651 730 757 grass 531 694 660 771 grass 202 673 393 780 grass 585 673 712 767 grass 
210063_431119.png 275 694 404 771 grass 0 679 112 776 grass 349 657 461 756 grass 467 648 563 755 grass 
210068_431141.png 691 639 731 682 grass 145 60 368 450 ship 454 0 613 280 grass 
210068_431142.png 442 404 598 599 grass 435 639 474 682 grass 476 432 631 695 grass 
210068_431143.png 186 404 342 599 grass 651 0 772 215 grass 179 639 218 682 grass 220 431 375 695 grass 

210078_431150.png 14 177 302 692 ship 0 199 158 513 net 
210080_431154.png 241 382 316 470 net 235 316 280 374 net 288 611 343 693 grass 
210081_431155.png 0 113 57 216 net 33 356 87 436 grass 
210085_431152.png 387 427 461 526 net 

210091_431157.png 312 67 459 259 grass 
210093_431160.png 4 30 73 150 net 



210184_431253.png 0 121 324 516 grass 499 542 576 605 grass 567 584 599 623 net 669 598 781 709 grass 302 0 425 142 grass 0 111 205 394 grass 74 289 349 475 grass 
210184_431254.png 430 586 600 718 grass 243 542 320 605 grass 310 584 343 623 net 518 518 611 630 grass 48 0 169 141 grass 0 373 64 455 grass 478 538 611 705 grass 
210185_431253.png 499 286 576 349 grass 6 0 341 289 grass 567 328 599 367 net 688 352 773 442 grass 78 16 342 204 grass 
210185_431254.png 433 329 597 460 grass 243 286 320 349 grass 311 328 343 367 net 518 262 611 374 grass 0 117 64 200 grass 
210186_431259.png 207 686 383 791 grass 319 133 525 242 grass 304 51 735 253 grass 48 0 173 183 grass 564 56 781 242 grass 
210186_431260.png 520 108 794 245 grass 55 133 266 242 grass 279 47 748 262 grass 311 53 569 244 grass 
210187_431255.png 205 436 459 575 grass 
210188_431256.png 0 179 193 328 grass 
210189_431259.png 533 551 758 774 net 
210190_431263.png 179 67 213 107 net 
210193_431266.png 688 0 761 82 grass 
210193_431269.png 149 681 261 774 grass 0 10 102 144 grass 13 57 201 334 grass 
210195_431269.png 148 159 301 331 grass 605 522 757 719 grass 
210198_431272.png 406 385 469 457 grass 396 369 691 799 grass 67 0 282 270 net 
210201_431273.png 689 692 768 770 grass 20 645 84 714 grass 222 0 581 535 grass 283 83 719 724 grass 30 656 72 699 grass 
210203_431273.png 560 0 728 109 grass 159 397 239 526 grass 118 298 178 371 grass 30 144 70 187 grass 
210211_431275.png 580 181 631 257 net 706 508 756 566 grass 
210212_431279.png 272 135 451 389 grass 268 150 497 633 grass 466 595 616 773 grass 155 0 315 147 grass 

210214_431279.png 90 549 131 585 net 441 0 560 119 grass 464 107 709 570 grass 
210214_431280.png 185 0 304 119 grass 219 110 464 572 grass 
